#FIG 3.2  Produced by xfig version 3.2.5-alpha5
Portrait
Center
Metric
A4      
100.00
Single
-2
1200 2
2 1 0 2 0 7 100 0 -1 0.000 0 0 -1 0 0 3
	 1350 1800 2700 1800 2475 2025
2 1 0 2 0 7 100 0 -1 0.000 0 0 -1 0 0 3
	 4050 1800 5400 1800 5175 2025
2 1 0 2 0 7 100 0 -1 0.000 0 0 -1 0 0 3
	 6750 1800 8100 1800 7875 2025
2 4 0 2 31 7 101 0 -1 0.000 0 0 7 0 0 5
	 9225 2700 225 2700 225 900 9225 900 9225 2700
4 1 0 100 0 18 18 0.0000 4 270 1080 3330 1890 RC:rc_1\001
4 1 0 100 0 18 18 0.0000 4 270 1080 6075 1890 RC:rc_2\001
4 1 0 100 0 18 18 0.0000 4 270 630 8550 1890 De:y\001
4 1 0 100 0 18 18 0.0000 4 210 615 945 1845 Se:u\001
